10,92
10,158
10,128
10,226
10,68
10,214
10,152
10,106
9,6
9,4
9,2
9,3
8,17
8,4
8,9
8,16
2,2
2,1
2,3
24,3
24,2
24,1
24,0
20,3
20,2
20,1
19,3
19,2
19,1
18,3
18,1
14,3
14,1
13,3
13,1
12,3
12,2
12,1
11,28
11,27
11,26
11,25
11,24
11,23
11,22
11,21
11,20
11,19
11,18
11,17
11,16
11,15
11,14
11,13
11,12
11,11
11,10
11,9
11,8
11,7
11,6
11,5
11,4
11,3
11,2
11,1
10,303
10,302
10,301
10,300
10,299
10,298
10,297
10,295
10,289
10,286
10,281
10,280
10,277
10,276
10,275
10,272
10,269
10,267
10,264
10,263
10,260
10,259
10,257
10,256
10,253
